step	slope_50
1	nan
2	nan
3	nan
4	nan
5	nan
6	nan
7	nan
8	nan
9	nan
10	nan
11	nan
12	nan
13	nan
14	nan
15	nan
16	nan
17	nan
18	nan
19	nan
20	nan
21	nan
22	nan
23	nan
24	nan
25	nan
26	nan
27	nan
28	nan
29	nan
30	nan
31	nan
32	nan
33	nan
34	nan
35	nan
36	nan
37	nan
38	nan
39	nan
40	nan
41	nan
42	nan
43	nan
44	nan
45	nan
46	nan
47	nan
48	nan
49	nan
50	-0.07213743097238898
51	-0.06868595438175268
52	-0.06539087635054015
53	-0.06511116446578623
54	-0.06111606242497007
55	-0.057853397358943535
56	-0.05898468187274906
57	-0.058025306122448994
58	-0.06098665066026412
59	-0.05631779111644658
60	-0.05248749099639848
61	-0.05425891956782712
62	-0.05048974789915971
63	-0.05005478991596638
64	-0.04674189675870351
65	-0.047202641056422565
66	-0.04614333733493398
67	-0.044141752701080464
68	-0.045866746698679496
69	-0.04495548619447781
70	-0.04206525810324131
71	-0.03720134453781512
72	-0.04061599039615849
73	-0.041512509003601414
74	-0.03829594237695079
75	-0.035285618247298915
76	-0.03343625450180076
77	-0.03248513805522209
78	-0.0349786794717887
79	-0.030804561824729876
80	-0.028312220888355333
81	-0.027656902761104458
82	-0.026318607442977194
83	-0.024910252100840316
84	-0.024075822328931573
85	-0.02381594237695076
86	-0.022054789915966388
87	-0.02002468187274909
88	-0.019502953181272504
89	-0.019462617046818762
90	-0.018416422569027636
91	-0.01753061224489794
92	-0.01804163265306124
93	-0.018609699879951983
94	-0.01745262905162066
95	-0.01711779111644657
96	-0.01757978391356542
97	-0.017395294117647054
98	-0.01628230492196877
99	-0.017553469387755087
100	-0.017951260504201694
101	-0.01906079231692677
102	-0.01644749099639856
103	-0.018039423769507797
104	-0.0185653781512605
105	-0.01737795918367347
106	-0.016980360144057616
107	-0.01572168067226892
108	-0.015078511404561833
109	-0.013439135654261714
110	-0.012992509003601448
111	-0.012370804321728702
112	-0.012490996398559415
113	-0.010514861944777907
114	-0.010643553421368558
115	-0.008830492196878748
116	-0.009332244897959186
117	-0.008389819927971212
118	-0.0074012484993997655
119	-0.007410756302521011
120	-0.008643265306122448
121	-0.009007779111644677
122	-0.008080864345738306
123	-0.007282352941176476
124	-0.004962112845138052
125	-0.005774981992797118
126	-0.007460408163265312
127	-0.006222184873949596
128	-0.005667515006002408
129	-0.0050442256902761
130	-0.0043504921968787495
131	-0.005139255702280907
132	-0.003498103241296521
133	-0.003361488595438162
134	-0.0028365426170468217
135	-0.003716494597839145
136	-0.0025517406962785034
137	0.00028571428571429094
138	-0.0004707322929171636
139	0.0013390156062424972
140	0.0025627851140456177
141	0.0023951020408163226
142	0.0020172388955582237
143	0.0009924129651860774
144	0.00022352941176470562
145	-0.0011542857142857212
146	-0.0002961824729891989
147	-0.0008586794717887148
148	-0.0017309963985594299
149	-0.0029885234093637333
150	-0.0033709963985594288
151	-0.005364945978391351
152	-0.0044984393757502876
153	-0.0049979831932773205
154	-0.005351740696278513
155	-0.0056581992797118804
156	-0.006903673469387764
157	-0.005159231692677076
158	-0.00482045618247298
159	-0.004073325330132055
160	-0.004464297719087632
161	-0.003662713085234096
162	-0.004656278511404565
163	-0.003298775510204082
164	-0.002854549819927967
165	-0.0032349099639856194
166	-0.004931044417767127
167	-0.004082448979591832
168	-0.004082016806722684
169	-0.004111644657863146
170	-0.005855078031212487
171	-0.004758943577430973
172	-0.004286722689075613
173	-0.003352605042016808
174	-0.0017323889555822343
175	-0.0021085234093637137
176	-0.003441008403361345
177	-0.0009736854741896796
178	0.0001833853541416533
179	-0.00018300120048019453
180	8.845138055221044e-05
181	-0.0010895078031212529
182	-0.001657527010804314
183	-0.0018780312124849878
184	-0.003645474189675875
185	-0.0028628091236494566
186	-0.002952653061224488
187	-0.0013894357743097245
188	-0.0014981032412965114
189	-0.00023073229291715802
190	0.0003459783913565455
191	-0.00020686674669868159
192	-0.0007107803121248568
193	-0.00024412965186075452
194	-0.0006137334933973701
195	-0.0025711404561824763
196	-0.002057575030011985
197	-0.0018987274909964048
198	-0.003452917166866759
199	-0.004429147659063627
200	-0.004018007202881165
201	-0.006097815126050429
202	-0.006523073229291728
203	-0.005517503001200479
204	-0.004559279711884752
205	-0.005808931572629051
206	-0.005290420168067212
207	-0.004443793517406962
208	-0.005287106842737082
209	-0.0064334693877550935
210	-0.007032605042016811
211	-0.005943337334933972
212	-0.0071924609843937665
213	-0.005613829531812716
214	-0.004820072028811537
215	-0.005804801920768293
216	-0.006876782713085228
217	-0.0062525330132052895
218	-0.006890468187274914
219	-0.0068574789915966505
220	-0.006869243697479
221	-0.00574804321728691
222	-0.005464345738295314
223	-0.003246434573829523
224	-0.0022274669867947197
225	-0.002928259303721483
226	-0.0037345978391356673
227	-0.003340936374549811
228	-0.002274189675870348
229	-0.0016626170468187229
230	-0.0014631452581032457
231	-0.002315294117647044
232	-0.0024419207683073194
233	-0.0024219927971188427
234	-0.0030959903961584843
235	-0.0027727731092436723
236	-0.0024384633853541367
237	-0.0017356542617046852
238	-0.0017450180072028773
239	-0.0017931812725089935
240	-0.0017200480192076833
241	-0.002378487394957978
242	-0.0027705162064825886
243	-0.0012167587034813904
244	-0.0009578871548619496
245	-0.0007527010804321682
246	-0.0015340216086434596
247	-0.0003977911164465912
248	-0.00037301320528212274
249	0.00044869147659063494
250	-0.0002225690276110426
251	-0.0009973589435774298
252	-0.0013810804321728821
253	-0.000414885954381754
254	-0.000904921968787531
255	-0.0023715246098439413
256	-0.0005141416566626644
257	-0.0004077791116446536
258	0.00016460984393756146
259	1.8583433373334118e-05
260	0.00010554621848740027
261	-0.0005660984393757511
262	0.0005346458583433376
263	-0.0006372629051620714
264	0.0017625930372148816
265	0.0022644897959183635
266	0.0018041296518607427
267	0.002898103241296509
268	0.0016256422569027533
269	0.0007571188475390283
270	0.0009623049219687885
271	0.00034559423769508346
272	0.0003820888355342425
273	0.002185162064825931
274	0.0028593517406962695
275	0.00265824729891957
276	0.0021551020408163415
277	0.0017136134453781561
278	0.0010825450180072021
279	0.0007965906362544892
280	-0.0005889555822328994
281	-0.0006504201680672153
282	0.00028542617046819243
283	-0.0014996878751500657
284	-0.00042847539015605015
285	-0.0011044417767106908
286	-0.0016756302521008385
287	-0.0034687154861944643
288	-0.004180072028811531
289	-0.004534597839135655
290	-0.0050724609843937635
291	-0.0036465306122448883
292	-0.004695942376950783
293	-0.003480624249699877
294	-0.0032705882352941336
295	-0.0018744297719087374
296	-0.003058007202881148
297	-0.00292024009603842
298	-0.002670972388955587
299	-0.0029817527010804197
300	-0.0035378151260504294
301	-0.0033632172869147536
302	-0.0043389195678271335
303	-0.0031031932773109366
304	-0.004991212484994015
305	-0.005093301320528222
306	-0.0038226170468187333
307	-0.002489459783913568
308	-0.0005890516206482685
309	0.00012528211284514964
310	0.0015240336134453845
311	0.000773397358943575
312	0.0026648739495798287
313	0.0010089795918367648
314	0.0017261944777911238
315	0.0018436014405762255
316	0.002520432172869146
317	0.003994237695078025
318	0.0035299879951980807
319	0.0025724369747899207
320	0.003350444177671071
321	0.00316384153661465
322	0.0026588715486194625
323	0.003949579831932755
324	0.004354669867947131
325	0.004427082833133253
326	0.004605426170468195
327	0.005683217286914765
328	0.00512835534213687
329	0.005481680672268894
330	0.004495510204081641
331	0.004384489795918344
332	0.005322545018007185
333	0.004182184873949575
334	0.004167154861944769
335	0.005000192076830758
336	0.0040727971188475745
337	0.0024386554621848816
338	0.002865018007202884
339	0.0021352220888355257
340	0.001519327731092415
341	0.002899447779111641
342	0.0015872749099639836
343	0.002110012004801933
344	0.0013307563025210024
345	0.0009196638655462237
346	0.0007783433373349389
347	9.882352941177088e-05
348	-0.0004113325330132206
349	-0.002218343337334933
350	-0.0025112605042016756
351	-0.002738631452581069
352	-0.0033641776710684307
353	-0.0031869867947179093
354	-0.004153229291716688
355	-0.003961920768307329
356	-0.004448739495798321
357	-0.003240432172869147
358	-0.0009140456182472978
359	-0.0007396398559423562
360	-0.0008120048019207719
361	-0.0019541896758703595
362	-0.0019497238895558183
363	-0.002192605042016793
364	-0.002813253301320572
365	-0.004439087635054025
366	-0.005113661464585832
367	-0.005794333733493384
368	-0.00623678271308524
369	-0.006613445378151272
370	-0.006522737094837954
371	-0.0073781512605041845
372	-0.007583481392557022
373	-0.006485426170468185
374	-0.006816758703481388
375	-0.007731620648259311
376	-0.007058775510204071
377	-0.007117310924369728
378	-0.007862713085234096
379	-0.007402208883553417
380	-0.0066686194477791295
381	-0.007091044417767112
382	-0.00641238895558224
383	-0.005954813925570225
384	-0.005777430972388959
385	-0.005201920768307334
386	-0.0053378151260504315
387	-0.004920384153661464
388	-0.004434813925570244
389	-0.004510156062424971
390	-0.004025594237695108
391	-0.003104345738295325
392	-0.002144249699879947
393	-0.0020911884753901564
394	-0.0022092196878751406
395	-0.0030669867947178938
396	-0.0030511404561824615
397	-0.0033036254501800652
398	-0.0031954381752700945
399	-0.0030233373349339713
400	-0.0028530132052821196
401	-0.0027283073229291683
402	-0.0018056182472989191
403	-0.0009979351740696466
404	0.0004632412965186045
405	0.00021368547418966973
406	-0.00015409363745497208
407	-0.00015942376950785325
408	0.0025054981992796974
409	0.0022112845138055237
410	0.002021512605042014
411	0.002705498199279718
412	0.0024413925570228143
413	0.0018586314525810416
414	0.00212912364945978
415	0.0020878751500600515
416	0.002017815126050426
417	0.0003243217286914701
418	0.0010344297719087525
419	0.000974021608643456
420	-0.0003987995198078991
421	-0.0017823769507803182
422	-0.0019006962785114005
423	-0.0012743337334933894
424	-0.0011144777911164493
425	-0.0012557983193277255
426	-0.00024307322929172234
427	-0.0006060504201680756
428	-0.0006777430972388951
429	-0.00100172869147659
430	-0.0011225450180071983
431	-0.001796158463385369
432	-0.0011698919567827066
433	-0.0012208883553421162
434	-0.00021243697478991373
435	-0.00013488595438174736
436	-0.0001932773109243821
437	0.00012773109243697706
438	0.0006944537815126149
439	0.0014837454981992736
440	0.0014358223289315595
441	0.0008813925570227902
442	0.001000672268907568
443	0.00023486194477792132
444	-0.0002697238895558441
445	-0.0008927250900360412
446	-0.0015236974789915906
447	-0.002326338535414196
448	-0.0032622328931572815
449	-0.001565762304921957
450	-0.0023919807923169167
451	-0.003584105642256901
452	-0.003227707082833138
453	-0.0028751980792316827
454	-0.0018056662665065849
455	-0.002062905162064822
456	-0.0019453541416566626
457	-0.0024567106842737214
458	-0.0009197599039615454
459	-0.002346986794717901
460	-0.0026641056422569125
461	-0.0011620168067226857
462	-0.0003843457382952936
463	-0.001585354141656667
464	-0.001313277310924379
465	-0.0016117166866746928
466	-0.0018947899159663325
467	-0.0024203121248499437
468	-0.0007995198079231667
469	-0.0016971428571428096
470	-0.002454741896758691
471	-0.002951884753901564
472	-0.0025733493397358956
473	-0.002456854741896759
474	-0.0013098679471788641
475	-0.0018936854741896723
476	-0.002282496998799539
477	-0.0027572148859543975
478	-0.0029231212484994037
479	-0.0026471068427371307
480	-0.003436398559423717
481	-0.003603553421368544
482	-0.0028533493397358825
483	-0.0020822088835534104
484	-0.0028242496998799505
485	-0.002400768307322934
486	-0.0030267466986794566
487	-0.0013552460984393372
488	0.0007959183673469469
489	0.002359471788715477
490	0.0029106842737094797
491	0.002848643457382956
492	0.0021830012004802044
493	0.0020620408163265396
494	0.0019209603841536583
495	0.0013913565426170486
496	0.00027471788715485013
497	-0.0002407202881152365
498	-0.0014530612244897715
499	0.0005569267707082698
500	-0.00045858343337331844
501	-0.001136998799519821
502	-0.0014899879951980873
503	-0.0011915006002400908
504	-0.0016392316926770796
505	-0.0011077070828331267
506	9.142857142856838e-05
507	-0.0003101560624250014
508	0.00031975990396159115
509	-5.5174069627833485e-05
510	-0.00038905162064826424
511	-0.0005773349339736169
512	0.0007205762304921959
513	0.0005380552220888184
514	0.000984873949579837
515	0.0003741656662665216
516	0.0006145978391356483
517	0.0010888835534213434
518	0.0009350300120048213
519	0.0006035534213685509
520	0.0008444657863145279
521	0.0008940696278511313
522	0.0003378151260504277
523	0.0005121248499399782
524	0.0011726290516206538
525	0.00012590636254501878
526	-0.0007654261704681594
527	-0.0018593517406963198
528	-0.0019362785114045596
529	-0.0013027130852340818
530	-0.0018412004801920845
531	-0.0011995198079231726
532	-0.0016002400960384215
533	-0.0007974549819927809
534	-0.0010327490996398464
535	-0.0012905642256902908
536	-0.003135222088835517
537	-0.0021122689075630152
538	-0.0017443457382953203
539	-0.0011746458583433456
540	5.2533013205258616e-05
541	0.0009311884753901484
542	0.0005034333733493252
543	0.0008105162064825891
544	0.0013094357743097334
545	0.00016633853541421243
546	-0.0006283793517406955
547	-0.0010963745498199049
548	-0.0018450420168067598
549	-0.0020837454981992858
550	-0.002647394957983191
551	-0.0026839855942377287
552	-0.002930420168067228
553	-0.0019114045618247044
554	-0.002583145258103244
555	-0.0025504921968787743
556	-0.0011461224489795825
557	-0.0012064345738295238
558	-0.001663673469387743
559	-0.0025478511404561587
560	-0.0020466746698679598
561	-0.0018042256902761206
562	-0.0013838655462184914
563	-0.0019168787515006006
564	-0.0028467226890756423
565	-0.002638847539015635
566	-0.0014715486194477882
567	-0.0014475870348139145
568	-0.0024506122448979557
569	-0.0021063625450180026
570	-0.0018627611044417767
571	-0.0018478271308523936
572	-0.002109339735894356
573	-0.0013665786314525934
574	-0.0013551980792316715
575	-0.002761152460984372
576	-0.0033456422569028265
577	-0.0036241536614646267
578	-0.0023944297719087687
579	-0.0016864825930372187
580	-0.00180273709483794
581	-0.0027679711884753765
582	-0.0030775030012004834
583	-0.0029931812725090133
584	-0.0017234093637455157
585	-0.0030302040816326567
586	-0.0038903721488595536
587	-0.004040096038415395
588	-0.003584009603841567
589	-0.0042932533013205374
590	-0.002930132052821099
591	-0.0027326290516206703
592	-0.0034509963985594424
593	-0.0025694597839135726
594	-0.0019014165666266666
595	-0.0021899639855942382
596	-0.0019093397358943593
597	-0.0021764225690276183
598	-0.0004002400960385154
599	-0.0014006242496998745
600	-0.0013359423769507678
601	-0.0010614645858343416
602	0.0004627130852340536
603	0.0009122689075630376
604	0.001854597839135653
605	0.001191932773109251
606	0.001983145258103237
607	0.002307370948379341
608	0.0010618007202881157
609	0.0014976710684273494
610	0.0019537575030011533
611	0.003953085234093651
612	0.004017863145258108
613	0.003929651860744282
614	0.002445090036014381
615	0.00209911164465786
616	0.0026151740696278456
617	0.0018540216086434468
618	0.0014001920768307358
619	0.0015841536614645756
620	0.0007146698679471849
621	0.0003637935174069129
622	0.001696902761104428
623	0.0020568547418967644
624	0.0021023289315726433
625	0.00036187274909964837
626	-0.0001775270108043283
627	0.00011250900360144293
628	0.00028326530612244916
629	-0.0002113805522208923
630	-0.0010462424969988626
631	-0.0019979831932773126
632	-0.0014335654261704736
633	-0.0016433133253301404
634	-0.0012397599039615514
635	-0.002884801920768352
636	-0.002859495798319288
637	-0.0034956542617047086
638	-0.0022905642256902947
639	-0.0034568547418967607
640	-0.003187178871548528
641	-0.003844897959183594
642	-0.004908379351740703
643	-0.004087202881152435
644	-0.00437522208883551
645	-0.0038484993997599183
646	-0.0038163265306122335
647	-0.004545978391356512
648	-0.0034896038415365826
649	-0.004393421368547451
650	-0.004268187274909959
651	-0.00391198079231691
652	-0.0036239135654261953
653	-0.0030312124849940195
654	-0.002921248499399776
655	-0.0016915246098439633
656	-0.00039687875150060223
657	-0.0003984153661463946
658	-0.0010072028811524956
659	-0.00023855942376950896
660	-0.0005048739495799476
661	0.0005395438175270102
662	0.0006268427370948081
663	7.966386554623187e-05
664	-0.0008682352941176571
665	-0.0005321008403361535
666	-0.0006087394957983372
667	-0.0017668187274910128
668	-0.0016864825930372326
669	-0.0002600720288114911
670	-0.0017164945978391272
671	-0.0015440576230492794
672	-0.000529171668667481
673	0.0006372148859543554
674	0.0003946698679472039
675	-0.0007110204081632466
676	-0.0007953421368547371
677	-5.426170468181158e-06
678	8.163265306119175e-05
679	-0.00011783913565426467
680	-0.0005571668667467039
681	-0.0008465306122449343
682	0.0013099639855942316
683	0.00016816326530612498
684	-0.00015313325330130797
685	-0.0006005282112845487
686	-0.0002137815126050431
687	1.3877551020393355e-05
688	0.0008812965186074356
689	0.000758415366146481
690	0.0004991116446578671
691	-0.0003939495798319346
692	-0.0008935894357743362
693	-0.0008202160864345804
694	-0.0013993757503001365
695	-0.0011662424969988232
696	-0.00155212484993995
697	-0.001933973589435776
698	-0.002528163265306072
699	-0.0037725810324129613
700	-0.0029722929171668816
701	-0.0037174069627851124
702	-0.0042394237695077734
703	-0.0036215606242497103
704	-0.004165378151260465
705	-0.003062040816326505
706	-0.002371524609843932
707	-0.0020428331332532973
708	-0.001801488595438172
709	-0.002341224489795914
710	-0.0024565666266506653
711	-0.0021952941176470635
712	-0.0014448019207682831
713	-0.0016754861944777738
714	-0.0018419207683073348
715	-0.0016888835534213497
716	-0.0017506362545018075
717	-0.003467755102040838
718	-0.0025259063625450253
719	-0.0008901800720287977
720	-0.0013878031212484932
721	-0.0009902521008403479
722	-0.001446530612244861
723	6.03121248499407e-05
724	-0.0005130852340936488
725	-0.0016827370948379419
726	-0.0017648019207682972
727	-0.0003326770708283237
728	-0.00028763505402163147
729	0.00023707082833132194
730	0.0006013925570228086
731	7.683073229388234e-06
732	0.000745834333733541
733	-0.0004445138055222043
734	-0.0007219207683073364
735	-0.0007881392557022824
736	-0.0006528691476590968
737	-0.0005673949579831804
738	0.00014002400960386736
739	0.0003583193277310948
740	0.0008512364945978383
741	-6.40096038415375e-05
742	1.6662665066004026e-05
743	-0.0007539015606242361
744	-0.0012775510204081505
745	-0.0019450660264105203
746	-0.002175606242496986
747	-0.0018269387755102213
748	-0.0025904441776710267
749	-0.0032340936374549894
750	-0.003442352941176465
751	-0.0047793517406962745
752	-0.00467121248499404
753	-0.005404369747899159
754	-0.005851716686674627
755	-0.005929507803121161
756	-0.006044225690276095
757	-0.00601205282112847
758	-0.0056672749099639375
759	-0.005053877551020401
760	-0.004701176470588229
761	-0.004750924369747892
762	-0.0037432412965186087
763	-0.0033456902761104467
764	-0.0028817767106842857
765	-0.0027162545018007134
766	-0.0017548139255701852
767	-0.002642496998799575
768	-0.0017314285714285433
769	-0.0012551260504201761
770	-0.00012235294117648982
771	0.00034645858343336055
772	-0.00022737094837935287
773	0.00035937575030013544
774	0.0005425690276110497
775	0.0008427851140456221
776	0.0006559903961584468
777	0.0009287394957983354
778	0.0014448019207682907
779	0.002911740696278444
780	0.003273709483793525
781	0.0029566866746698517
782	0.003086002400960404
783	0.002619543817526985
784	0.002664537815126061
785	0.0024580072028811306
786	0.0020924369747899207
787	0.0014699159663865498
788	0.001748859543817534
789	0.0010855222088835624
790	0.0020051380552220856
791	0.0025468907563025284
792	0.0032527250900360152
793	0.0030669387755101964
794	0.002458487394957993
795	0.0016093157262905026
796	0.001953997599039613
797	0.0027996158463385115
798	0.002344873949579824
799	0.001953613445378162
800	0.0020330372148859807
801	0.0021468907563025282
802	0.0014358703481392467
803	-0.0001949099639856022
804	-0.0012323649459783836
805	-0.0015723889555822402
806	-0.0021054501800720038
807	-0.001888115246098447
808	1.575030012004784e-05
809	0.0011476110444177893
810	0.0018122448979591766
811	0.002087923169267699
812	0.0015099639855942592
813	0.0009095798319327475
814	0.0007846338535413813
815	0.0014294357743097257
816	0.0009493397358943364
817	0.0008435054021608527
818	0.00028768307322927166
819	-0.0006721248499400015
820	-0.001283313325330123
821	-0.0017006002400960253
822	-0.001939687875150084
823	-0.0027036254501800827
824	-0.0025836734693877586
825	-0.0018309723889555123
826	-0.0021063625450180017
827	-0.003046434573829534
828	-0.0028308763505402517
829	-0.0015672989195678285
830	-0.00236614645858345
831	-0.0012765426170467426
832	0.0003142376950780443
833	0.00012432172869147903
834	-0.00020777911164466875
835	-0.0007393037214885822
836	-0.0012685714285714349
837	-0.001068427370948384
838	-0.0014849459783913299
839	-0.0015145738295318156
840	-0.0009558703481392669
841	-0.0005408403361344621
842	0.0002901320528211303
843	0.0009632172869147442
844	0.001048307322929177
845	0.00038141656662663725
846	0.0009838175270107897
847	0.001079183673469391
848	0.001383481392557006
849	0.0005950540216085464
850	0.0017763745498198867
851	0.0029596638655462323
852	0.0025939975990396115
853	0.00171639855942376
854	0.0011204321728690869
855	0.0006025450180071808
856	-0.0010414405762305097
857	-0.0005080912364946419
858	0.0009082833133252892
859	0.001259495798319296
860	0.0017445378151260548
861	0.0035789675870348337
862	0.0035391116446578702
863	0.004150588235294144
864	0.00330482593037215
865	0.00396067226890759
866	0.002655078031212484
867	0.0023772388955582255
868	0.0019896758703481566
869	0.0014630972388955297
870	-0.00042204081632656054
871	-0.000462472989195698
872	-0.00036374549819930604
873	-0.0010714525810324165
874	-0.001438367346938785
875	-0.0008516206482593212
876	-0.0019769507803120657
877	-0.0020265066026410525
878	-0.0027321488595438157
879	-0.0016300120048018778
880	-0.003150396158463401
881	-0.0025350780312125083
882	-0.002066554621848762
883	-0.0021773349339735187
884	-0.001414645858343292
885	-0.001822761104441786
886	-0.0015728211284513566
887	-0.0006738055222089025
888	-0.0013992797118847302
889	-0.0005985114045618345
890	0.000834093637454996
891	0.0004896518607442708
892	0.001580984393757514
893	0.0020058103241296656
894	0.002170132052821131
895	0.0014313565426170329
896	0.0022279471788715496
897	0.001885474189675864
898	0.0018356782713085354
899	0.0012553661464585566
900	0.0013991836734693747
901	0.0012126770708283466
902	0.0016863865546218498
903	0.0021501080432172895
904	0.0015305162064825864
905	0.0016470588235294598
906	0.0008694837935174142
907	-0.00011865546218487279
908	-0.00046391356542617787
909	-0.0011868427370948455
910	-0.00024585834333736993
911	0.00039611044417765367
912	0.0010476350540216104
913	0.0012992557022809199
914	0.0003479471788714563
915	0.0004186794717887481
916	-0.001040576230492207
917	-0.002048307322929193
918	-0.0028732292917166818
919	-0.003681296518607495
920	-0.0048427370948379315
921	-0.005340216086434553
922	-0.0051704201680672504
923	-0.005035390156062346
924	-0.006224537815126056
925	-0.0057838175270106635
926	-0.006923937575029983
927	-0.005976326530612137
928	-0.0068091716686674835
929	-0.005377863145258106
930	-0.005800720288115197
931	-0.006855846338535331
932	-0.008119519807923073
933	-0.008569795918367321
934	-0.006991404561824695
935	-0.0068601200480192265
936	-0.006797983193277338
937	-0.006998511404561886
938	-0.008040768307322902
939	-0.00854857142857146
940	-0.00752451380552219
941	-0.0072948859543817916
942	-0.006189531812725087
943	-0.006352076830732281
944	-0.006676734693877507
945	-0.006205906362545016
946	-0.00641906362545019
947	-0.005997983193277239
948	-0.005045426170468168
949	-0.004541800720288144
950	-0.004482208883553425
951	-0.0038085474189675688
952	-0.0037057863145258064
953	-0.00335822328931573
954	-0.0023408883553421205
955	-0.0020511404561824142
956	-0.0013348859543817332
957	-0.0018691956782713216
958	-0.00182741896758706
959	-0.0020786074429771954
960	-0.0008738535414165692
961	-0.0007732052821128458
962	-0.0005351740696278471
963	0.0007922208883553838
964	0.0018208883553421323
965	0.0024097959183673493
966	0.0023242737094837807
967	0.0026856182472989316
968	0.002376230492196867
969	0.0035875150060023964
970	0.003106506602641075
971	0.002878751500600258
972	0.0032243457382952773
973	0.004283697478991597
974	0.003678127250900354
975	0.0035457863145257527
976	0.003155966386554552
977	0.0033236974789915925
978	0.0036070108043217077
979	0.003955774309723881
980	0.004241680672268881
981	0.004011716686674677
982	0.003378775510204092
983	0.003570228091236497
984	0.005405042016806706
985	0.005632893157262901
986	0.004996062424969987
987	0.004472220888355319
988	0.004209315726290522
989	0.0026619927971188472
990	0.0015528451380552241
991	0.0013069867947178907
992	0.001954189675870376
993	0.0018689555822328716
994	0.0011018487394957959
995	0.0011383913565427076
996	-9.637454981992422e-05
997	-0.0008507563025210534
998	0.0004481632653061269
999	0.0011905882352941152
1000	0.0013644657863144329
1001	0.001805618247298952
1002	0.0006135414165666338
1003	-0.00033978391356535067
1004	0.0014405282112845623
1005	0.0007233613445378249
1006	0.0012512364945978392
1007	0.0009016566626650766
1008	0.0006956062424969533
1009	-0.0004911884753901403
1010	-0.0016749099639855804
1011	-0.0020634813925570748
1012	-0.0017652821128451405
1013	-0.0013547659063624718
1014	-0.0018048979591836559
1015	-0.0015049699879952135
1016	-0.0019686914765906414
1017	-0.0016059543817527077
1018	-0.0020374549819927555
1019	-0.0002230492196878896
1020	-0.0011776230492196848
1021	-0.0010422088835534125
1022	-0.0006463865546218322
1023	-0.0003028091236494711
1024	-0.0009618727490996021
1025	-0.0004258343337335036
1026	-0.0013335414165666273
1027	-0.002034477791116431
1028	-0.0016735174069627615
1029	-0.00198252100840335
1030	-0.0018896518607442747
1031	-0.0019038655462185067
1032	-0.001634477791116449
1033	-0.0007150060024008559
1034	0.0002991596638655136
1035	-3.860744297718891e-05
1036	-0.0009030972388955473
1037	-0.00024744297719084203
1038	-0.00017454981992797645
1039	-0.0008547899159664188
1040	-0.0013812725090035964
1041	-0.0014904681872749859
1042	-0.0015409843937575058
1043	-0.0012489795918367366
1044	-0.0010909963985594052
1045	-0.0016744297719087948
1046	-0.0017831932773109385
1047	-0.0022439855942377007
1048	-0.0019321968787514591
1049	-0.0013594717887155335
1050	-0.0006911404561824755
1051	-0.0004660264105642321
1052	0.00024581032412965883
1053	-0.00015875150060035842
1054	0.000825642256902782
1055	0.0008030252100840871
1056	0.0009082833133253259
1057	0.00045118847539016743
1058	0.0021450180072028935
1059	0.0022622328931572507
1060	0.0017793997599039862
1061	0.0017565426170469973
1062	0.002758799519807907
1063	0.003058919567827121
1064	0.001847010804321711
1065	0.0026703481392556833
1066	0.0026908043217286973
1067	0.002936470588235304
1068	0.0021528451380552678
1069	0.0021282593037214776
1070	0.0010865306122448883
1071	0.002121536614645841
1072	0.00257291716686674
1073	0.0015495798319327826
1074	0.0008316446578630854
1075	0.0007627851140455796
1076	0.00013954381752700272
1077	-0.0003103481392557151
1078	-0.0003629771908763568
1079	-0.00022237695078030888
1080	-0.0004104681872749188
1081	0.00020316926770710478
1082	0.0022810084033612933
1083	0.0028609843937575027
1084	0.002648067226890715
1085	0.0017758463385354375
1086	0.0008161824729891893
1087	0.001031260504201742
1088	0.00023995198079229685
1089	0.0013500600240095818
1090	0.0016503721488595345
1091	0.0014928211284514334
1092	0.000572773109243682
1093	0.00037258103241297706
1094	0.0008130612244898044
1095	-0.0003968307322929171
1096	-0.0005292677070827854
1097	-0.0009313805522208758
1098	-0.0015638415366146482
1099	-0.0017384393757502376
1100	-0.0020720768307322963
1101	-0.002710012004801903
1102	-0.002411236494597811
1103	-0.002890996398559394
1104	-0.002901368547418934
1105	-0.003692196878751441
1106	-0.00459755102040808
1107	-0.004812100840336168
1108	-0.004036494597839145
1109	-0.0039427611044417395
1110	-0.004630156062424971
1111	-0.005012917166866739
1112	-0.005615222088835527
1113	-0.00547630252100845
1114	-0.00563817527010802
1115	-0.004272460984393786
1116	-0.0036910924369747858
1117	-0.0038208883553421807
1118	-0.0036303481392556992
1119	-0.0038269867947178637
1120	-0.003319663865546191
1121	-0.0025028091236494786
1122	-0.002174165666266552
1123	-0.0022853781512605087
1124	-0.0015350300120047932
1125	-0.002679231692677064
1126	-0.0034127731092436662
1127	-0.003298679471788734
1128	-0.0035282112845137826
1129	-0.003551884753901491
1130	-0.004162833133253302
1131	-0.003875582232893389
1132	-0.0019843937575030105
1133	-0.0023449699879952057
1134	-0.002160096038415367
1135	-0.002318751500600174
1136	-0.0030619447779111977
1137	-0.0013630252100840833
1138	-0.0007125570228090724
1139	0.0008679471788716251
1140	0.0009864105642257042
1141	0.0010364945978391393
1142	0.0011438655462185333
1143	0.002110876350540116
1144	0.0024041296518607425
1145	0.001944873949579845
1146	0.0022011044417767304
1147	0.0021576470588235523
1148	0.0026321728691476353
1149	0.0035194717887154707
1150	0.003452436974789938
1151	0.003238463385354136
1152	0.0027118847539015856
1153	0.002420456182472915
1154	0.002786458583433386
1155	0.0022819207683073346
1156	0.002011284513805404
1157	0.0019103001200480268
1158	0.00269195678271311
1159	0.0020036494597839493
1160	0.0013461704681872568
1161	0.0006149339735894568
1162	-0.00025200480192073604
1163	-0.001099831932773101
1164	-0.0011287875150059953
1165	-0.0008357743097238728
1166	-0.0010360624249699465
1167	-0.0018899879951980653
1168	-0.0019574069627850544
1169	-0.0023671068427371014
1170	-0.0014462424969988023
1171	-0.0016851380552220755
1172	-0.0019874669867947304
1173	-0.001070588235294059
1174	-0.00026309723889555986
1175	-0.0007289795918367113
1176	-0.0003183673469387483
1177	-0.0001367106842737181
1178	-0.0007430492196878722
1179	-0.0016725090036014021
1180	-0.0020037935174069634
1181	-0.0024486914765906856
1182	-0.00304196878751504
1183	-0.003726626650660262
1184	-0.0042370708283312915
1185	-0.00466506602641058
1186	-0.00574905162064831
1187	-0.003997310924369775
1188	-0.002251812725090033
1189	-0.0016898919567827084
1190	-0.0023818487394957634
1191	-0.0015948619447778937
1192	-0.0017198559423769483
1193	-0.0010753421368547996
1194	-0.0011814165666266232
1195	-0.0011014645858343321
1196	-0.001094501800720262
1197	-0.0019968307322929695
1198	-0.0012386074429771479
1199	2.079231692678663e-05
1200	8.78751500601016e-06
1201	0.0006322208883553376
1202	0.0003711404561824832
1203	0.0002932052821128353
1204	0.0010540696278511007
1205	0.0015393037214885916
1206	0.001474717887154857
1207	0.0009452581032412925
1208	0.0021970228091236464
1209	0.0022584393757503207
1210	0.002080720288115254
1211	0.0018130132052821006
1212	0.0029439615846338523
1213	0.0027425690276110426
1214	0.002425450180071993
1215	0.0027182713085234316
1216	0.002831644657863151
1217	0.0024028811524609743
1218	0.001288691476590628
1219	0.002783481392556979
1220	0.0024899399759903997
1221	0.003017911164465774
1222	0.0030544537815127104
1223	0.002963169267707074
1224	0.002729699879951931
1225	0.0027045378151260057
1226	0.003587899159663861
1227	0.0030036014405762533
1228	0.0018458103241296812
1229	0.0007649459783913588
1230	0.0005852581032413109
1231	7.457382953183892e-05
1232	6.996398559418902e-05
1233	-0.0008870108043217228
1234	-0.001175318127250877
1235	-0.0024168067226890376
1236	-0.0038002400960384162
1237	-0.002922737094837928
1238	-0.002689603841536625
1239	-0.0025872749099639645
1240	-0.003257094837935227
1241	-0.0025974069627851476
1242	-0.002858295318127305
1243	-0.003010516206482605
1244	-0.002666602641056431
1245	-0.002289603841536668
1246	-0.002208163265306162
1247	-0.003199855942376914
1248	-0.0035431452581032473
1249	-0.003687346938775476
1250	-0.003950348139255675
1251	-0.004198559423769615
1252	-0.0034846098439375224
1253	-0.0036096998799519677
1254	-0.0033537094837934934
1255	-0.00352619447779111
1256	-0.0038378871548620033
1257	-0.003832509003601437
1258	-0.003800816326530609
1259	-0.003923265306122416
1260	-0.0034851380552221164
1261	-0.00216523409363742
1262	0.0005940456182472987
1263	0.0010366866746698807
1264	0.0011867947178871698
1265	0.0010952220888355549
1266	0.0012838415366146561
1267	0.0009755102040816338
1268	0.0002898439375748728
1269	0.003003841536614622
1270	0.003448307322929212
1271	0.004666986794717861
1272	0.005009459783913569
1273	0.004499831932773064
1274	0.0037658103241296386
1275	0.0032337094837935195
1276	0.0029465546218487492
1277	0.0026071548619447413
1278	0.0018889315726290704
1279	0.0012841296518607418
1280	0.0012206962785114186
1281	0.0005308523409364
1282	0.0009626410564226045
1283	0.00034002400960384145
1284	0.001636110444177719
1285	0.00040878751500603736
1286	-0.0004076830732294389
1287	0.0009354141656662383
1288	0.0011725810324129606
1289	0.0014981992797119049
1290	0.0008845618247298821
1291	0.00033863145258105173
1292	-0.0004050420168067179
1293	-3.5054021608625113e-06
1294	-0.00019807923169271502
1295	5.642256902759541e-05
1296	-0.0001686914765905971
1297	-0.0009110684273709573
1298	-0.0006472509003601879
1299	-0.0019999519807922775
1300	-0.0025511164465786703
1301	-0.0033464105642256837
1302	-0.002573541416566683
1303	-0.002016998799519845
1304	-0.002254357743097272
1305	-0.0026776950780311483
1306	-0.003453349339735918
1307	-0.0038773589435773304
1308	-0.004178199279711978
1309	-0.004253301320528233
1310	-0.004190684273709528
1311	-0.0031128931572629373
1312	-0.0015667707082832917
1313	-0.0016086434573829777
1314	-0.0017376710684274292
1315	-0.0022069627851140283
1316	-0.0014737094837935136
1317	-0.0016722689075629902
1318	-0.0023122208883553344
1319	-0.0016782713085234263
1320	-0.0005290756302520162
1321	-0.0002657863145257962
1322	-0.0006956542617046694
1323	-0.0009538535414165366
1324	-0.0011138535414165745
1325	-0.0016928211284513723
1326	-0.0018356782713084855
1327	-0.0019430492196878828
1328	-0.0020272268907563333
1329	-0.00249887154861944
1330	-0.001986026410564177
1331	-0.0021761344537815277
1332	-0.002371764705882337
1333	-0.002286674669868073
1334	-0.001060552220888368
1335	-0.0012504201680672402
1336	-0.0011232653061224738
1337	0.00032998799519798615
1338	0.0013028571428572223
1339	0.0016273229291716856
1340	0.0014621848739495846
1341	0.0012627611044418046
1342	0.0007058343337334199
1343	0.001214453781512603
1344	0.0007962064825930061
1345	0.0011816086434574065
1346	0.0008710204081632976
1347	0.00019745498199280086
1348	0.0006054261704682081
1349	9.152460984394238e-05
1350	-0.0002245378151260237
1351	-0.0009104441776710434
1352	-0.0011654741896758988
1353	-0.00041282112845140474
1354	0.0007438175270107846
1355	0.0010242496998799668
1356	0.0009471308523409281
1357	0.0008903721488595168
1358	0.0006601200480192561
1359	0.0007236494597839415
1360	0.0009779111644657708
1361	0.000898823529411774
1362	0.0029915486194477723
1363	0.0038881632653061386
1364	0.003386602641056397
1365	0.0030453301320527695
1366	0.003968019207683004
1367	0.00388936374549821
1368	0.003120144057623062
1369	0.0021442496998798953
1370	0.0021011284513805057
1371	0.0024532533013205686
1372	0.002094309723889556
1373	0.0021030012004802532
1374	0.0022492196878751585
1375	0.0016044177671068105
1376	0.002527875150060014
1377	0.0019395438175269812
1378	0.0016608403361344586
1379	0.0007311404561825258
1380	0.0006533013205282168
1381	0.0006137815126050575
1382	-1.709483793517212e-05
1383	-7.130852340934815e-05
1384	0.00024595438175268713
1385	0.00023145258103239236
1386	-0.00045454981992801367
1387	0.0011424729891956883
1388	0.0008726530612245022
1389	0.0011571188475390233
1390	0.0011404081632652924
1391	0.0011471788715485816
1392	0.0005752701080431736
1393	0.0016386074429771177
1394	0.0004625690276110406
1395	0.00017109243697477778
1396	0.00047207683073230406
1397	-0.00046876350540216177
1398	-0.0013123649459783945
1399	-0.001920240096038302
1400	-0.002514333733493482
1401	-0.0026081152460984266
1402	-0.003045954381752717
1403	-0.0034153661464585813
1404	-0.0029250900360143976
1405	-0.0031064585834334113
1406	-0.0030357743097239017
1407	-0.0032804801920767847
1408	-0.0032267466986793648
1409	-0.004289555822328952
1410	-0.003954573829531849
1411	-0.004288163265306097
1412	-0.002820936374549969
1413	-0.001577767106842717
1414	-0.001873853541416531
1415	-0.0020019687875149936
1416	-0.00147356542617048
1417	-0.0016030252100840935
1418	-0.002306506602641152
1419	-0.002120768307322911
1420	-0.0029900600240095367
1421	-0.001992557022809118
1422	-0.0021955342136854754
1423	0.0003711404561824989
1424	0.0002770228091237014
1425	0.0003691236494597129
1426	0.0008663145258103346
1427	0.0006557983193277378
1428	7.058823529412352e-05
1429	-0.0002149339735894072
1430	-0.00045358943577431383
1431	-0.0002192557022809331
1432	-0.000490468187274915
1433	-0.0006399519807923163
1434	0.0010532533013205305
1435	0.0010801920768307607
1436	-0.00012921968787513085
1437	0.00013258103241295605
1438	-0.0006124369747899517
1439	1.9351740696244392e-05
1440	-0.00013992797118847445
1441	0.0006254501800720264
1442	-5.334933973597912e-05
1443	0.00116921968787513
1444	0.0008659783913565515
1445	0.001019015606242463
1446	0.0022093637454982007
1447	0.0025701800720288066
1448	0.0017018487394957656
1449	0.0010342857142857347
1450	0.0005607683073229768
1451	0.0012172388955582153
1452	0.0010327010804321642
1453	0.0010689075630252183
1454	0.0006742857142857103
1455	-0.00013891956782712567
1456	5.013205282106283e-05
1457	-0.0004625690276110286
1458	0.00025330132052821545
1459	0.00010847539015607575
1460	-3.1980792316930213e-05
1461	-0.0005624969987994781
1462	-0.0012594477791116891
1463	-0.0011876590636253218
1464	-0.002224873949579828
1465	-0.002677310924369727
1466	-0.0029267226890756174
1467	-0.0035417527010803496
1468	-0.0047060744297719405
1469	-0.0025985594237693584
1470	-0.002828331332532978
1471	-0.0016681392557023188
1472	-0.002363985594237621
1473	-0.0008543577430972087
1474	-0.0005359903961584799
1475	-0.00041080432172869633
1476	-0.0006886434573829547
1477	0.00017464585834342446
1478	0.0007088115246098787
1479	0.00025085234093640143
1480	0.000266362545018003
1481	0.0006899879951980547
1482	0.0006785594237694759
1483	-2.184873949579921e-05
1484	0.000739591836734743
1485	0.0010999759903962034
1486	0.00014564225690278838
1487	-0.0002380792316926497
1488	-0.000900648259303717
1489	-0.0011038175270107746
1490	-0.00036581032412973157
1491	0.0004953181272509433
1492	0.0008019687875150365
1493	0.0007941416566626493
1494	0.0011261464585833772
1495	0.0012684273709483323
1496	0.0018527250900360417
1497	0.00311159663865544
1498	0.0023137575030012154
1499	0.0020229051620648366
1500	0.0025292677070828887
1501	0.001958223289315733
1502	0.0033108763505402218
1503	0.003301800720288123
1504	0.0031061224489795963
1505	0.0018807202881152602
1506	0.0028807202881152467
1507	0.002059255702280918
1508	0.002726914765906379
1509	0.0029022809123649784
1510	0.0028342857142856855
1511	0.0020617046818727533
1512	0.001925474189675876
1513	0.001641008403361379
1514	0.0023086194477791276
1515	0.0019006482593036842
1516	0.0009787274909964373
1517	0.00015798319327744168
1518	0.0002163745498199564
1519	0.0017613925570227943
1520	0.001086818727490979
1521	0.0027085234093637695
1522	0.0030047539015606033
1523	0.0018952220888355303
1524	0.002636830732292947
1525	0.001836446578631497
1526	0.0016152220888356417
1527	0.0022105642256900356
1528	0.0029743097238895703
1529	0.0027419447779111644
1530	0.0025678271308523988
1531	0.0023846818727491265
1532	0.00189387755102036
1533	0.0012303481392558074
1534	0.0004333253301320193
1535	0.0006230492196879535
1536	-1.6854741896781352e-05
1537	-0.000598367346938795
1538	-0.0008271308523408864
1539	-0.0009884273709483932
1540	-0.00021877551020404548
1541	-0.00014132052821127784
1542	0.001151596638655455
1543	0.0012823049219687938
1544	0.0013344537815126174
1545	0.001641920768307347
1546	0.0010040336134453517
1547	0.000961536614645897
1548	0.0005728211284513569
1549	0.0004993517406962993
1550	0.0011080432172869208
1551	-0.00022727490996402356
1552	0.0014499399759903937
1553	0.0007995198079231629
1554	0.0005583673469387559
1555	-0.0007042016806723946
1556	7.054021608652558e-05
1557	-0.0011980312124849522
1558	0.0001805522208883631
1559	-0.00012624249699880272
1560	-0.0005899159663865938
1561	-0.001151740696278515
1562	-0.0009273949579832357
1563	-0.0008920048019207235
1564	0.0015166866746698586
1565	0.002250660264105623
1566	0.0017972148859544
1567	0.0013643697478989956
1568	0.0033037214885954657
1569	0.003795966386554645
1570	0.0037010324129652878
1571	0.004037743097238897
1572	0.0043503001200480155
1573	0.005665786314525803
1574	0.006033085234093598
1575	0.005412917166866736
1576	0.0045252821128451744
1577	0.004631404561824728
1578	0.0042903721488595096
1579	0.004970708283313339
1580	0.0053652340936374545
1581	0.004374357743097228
1582	0.0032799519807923338
1583	0.003737815126050439
1584	0.0030605042016807007
1585	0.0031961104441776736
1586	0.003062569027611032
1587	0.00238717887154863
1588	0.0024197358943577356
1589	0.0019360384153661364
1590	0.0014413925570228119
1591	0.0021223529411763874
1592	0.004213589435774274
1593	0.004117695078031173
1594	0.003481344537815065
1595	0.004184681872749093
1596	0.004145546218487413
1597	0.0031606242496998857
1598	0.002735942376950782
1599	0.002777478991596633
1600	0.0020821608643457846
1601	0.000708043217286923
1602	0.0003968787515005882
1603	-0.0007078511404561277
1604	-0.001343577430972357
1605	-0.002658967587034717
1606	-0.003232749099640131
1607	-0.004611572629051625
1608	-0.003738199279711831
1609	-0.0039805522208882374
1610	-0.00497027611044412
1611	-0.0058466266506603205
1612	-0.005925570228091258
1613	-0.0052636254501800496
1614	-0.004853541416566666
1615	-0.0046362545018007245
1616	-0.004688787515005932
1617	-0.004785498199279748
1618	-0.004251860744297655
1619	-0.004522064825930369
1620	-0.004223529411764786
1621	-0.005032941176470619
1622	-0.005345210084033346
1623	-0.0037209123649459878
1624	-0.002603361344537803
1625	-0.002722016806722587
1626	-0.003469243697478992
1627	-0.00281046818727493
1628	-0.002081680672268944
1629	-0.0006871068427370433
1630	0.0005842496998799282
1631	0.0003046818727491108
1632	-0.0004137815126049828
1633	0.0006102280912364923
1634	0.0007238895558223434
1635	0.0010785594237694856
1636	0.0009196638655462279
1637	0.0004352941176470803
1638	-0.00027865546218477965
1639	-0.0009548139255702492
1640	-0.0021332533013206497
1641	-0.0006099879951981061
1642	0.0005570228091236003
1643	0.0013164465786314745
1644	0.0011474669867947553
1645	0.0015515006002401902
1646	0.002085618247298921
1647	0.0011258583433373368
1648	0.0005386794717887061
1649	0.0023427130852340695
1650	0.0012528691476589953
1651	0.00010818727490996778
1652	-0.0006002881152460979
1653	-0.0012328451380551953
1654	-0.0021282593037213623
1655	-0.0027963505402161136
1656	-0.003573925570228025
1657	-0.004296998799519849
1658	-0.004059255702280882
1659	-0.003716542617046922
1660	-0.0035075150060023827
1661	-0.00407596638655461
1662	-0.003744585834333734
1663	-0.0035522208883553875
1664	-0.004452100840336182
1665	-0.00519097238895557
1666	-0.005186746698679511
1667	-0.005078463385354158
1668	-0.005500696278511369
1669	-0.005777430972389056
1670	-0.005952557022809089
1671	-0.00669296518607443
1672	-0.007210996398559495
1673	-0.007676110444177675
1674	-0.007020312124849908
1675	-0.006739975990396057
1676	-0.007072268907563022
1677	-0.006747178871548566
1678	-0.005926290516206575
1679	-0.0046318367346938815
1680	-0.0037325810324129734
1681	-0.003464201680672293
1682	-0.003392460984393736
1683	-0.0030744777911164514
1684	-0.0017212004801920578
1685	-0.001429531812725066
1686	-0.0014064345738295638
1687	-0.0013153421368546493
1688	-0.0015331572629051634
1689	-0.0016063385354140277
1690	-0.002207394957983278
1691	-0.001485138055222134
1692	-0.0018175270108044264
1693	-0.0008107082833132958
1694	-0.00010914765906360162
1695	0.00033205282112844757
1696	0.0006414885954381479
1697	0.00030328931572626245
1698	-3.159663865518254e-05
1699	0.002346602641056406
1700	0.0018553661464585885
1701	0.0029778151260504426
1702	0.002359711884753837
1703	0.003668283313325305
1704	0.003186602641056436
1705	0.002957358943577426
1706	0.0023869867947178985
1707	0.0018891236494597303
1708	0.001827611044417774
1709	0.0019292677070827464
1710	0.001960048019207629
1711	0.0016004801920769447
1712	0.0023576470588235155
1713	0.0022780312124850055
1714	0.0023786314525810212
1715	0.002060744297719075
1716	0.0019350780312124935
1717	0.0016423529411764334
1718	0.0030255942376951122
1719	0.002480864345738335
1720	0.002723121248499393
1721	0.003927923169267699
1722	0.004092581032412954
1723	0.004426986794717858
1724	0.0036622328931572587
1725	0.0037538535414165415
1726	0.0035808403361344715
1727	0.0029631212484993925
1728	0.00281114045618237
1729	0.0028752941176470206
1730	0.00251870348139259
1731	0.0019113565426170363
1732	0.0017216326530612364
1733	0.0022067226890756025
1734	0.0020460504201680603
1735	0.0013163025210083709
1736	0.0006979111644657874
1737	0.000829339735894313
1738	0.0011773829531812813
1739	0.00021728691476590307
1740	0.0005543337334934309
1741	8.585834333730954e-05
1742	-0.0006899399759903992
1743	-0.0015766146458583601
1744	-0.0014640576230491884
1745	-0.0016328931572629159
1746	-0.0019306602641055962
1747	-0.0018689075630252336
1748	-0.0026300600240096103
1749	-0.0025808403361343947
1750	-0.0030903721488595597
1751	-0.001359423769507709
1752	-0.002390972388955744
1753	-0.0012022569027611053
1754	-0.001370996398559483
1755	-0.0020716446578631724
1756	-0.002401488595438121
1757	-0.0028823529411763707
1758	-0.0034244417767105954
1759	-0.003698967587034739
1760	-0.004770996398559494
1761	-0.003153037214885962
1762	-0.0030267947178871275
1763	-0.001651332533013172
1764	-0.0013662905162064992
1765	-0.0009649939975990333
1766	-0.0004923409363745228
1767	-0.000970900360144051
1768	0.0010971428571428688
1769	0.000521104441776701
1770	0.0003886674669864899
1771	0.0013978391356543125
1772	0.002201968787515066
1773	0.0027557743097238754
1774	0.002567154861944802
1775	0.0023759903961584885
1776	0.003203889555822374
1777	0.0035559663865546436
1778	0.003485330132052862
1779	0.0042898919567827196
1780	0.0035793997599039536
1781	0.0029158703481391994
1782	0.002552076830731953
1783	0.0031582232893157384
1784	0.0030698199279712095
1785	0.0028807683073229316
1786	0.0025364705882353128
1787	0.0026361584633853518
1788	0.004054885954381765
1789	0.002995390156062374
1790	0.0031863145258103284
1791	0.003804657863145262
1792	0.0030358703481392696
1793	0.0021467947178871283
1794	0.0024136854741896737
1795	0.0018984873949579963
1796	0.001759375750300131
1797	0.0031589915966387036
1798	0.0020922448979591676
1799	0.0013349339735894874
1800	0.00034516206482592657
1801	0.00021234093637446445
1802	-0.000640576230492194
1803	-0.001072028811524549
1804	-0.0013341656662664992
1805	-0.002568115246098506
1806	-0.0029478991596638138
1807	-0.0038999759903963647
1808	-0.003886434573829465
1809	-0.004471644657863164
1810	-0.004806338535414263
1811	-0.003352028811524519
1812	-0.0041448259303722024
1813	-0.0026912845138054933
1814	-0.0018419687875150033
1815	-0.0014212244897958463
1816	-0.0013189915966386361
1817	-0.0014282833133253496
1818	-0.0008303961584633924
1819	-0.000740696278511366
1820	-0.0008734693877550082
1821	-0.0017373349339736015
1822	-0.002462809123649479
1823	-0.002996926770708323
1824	-0.0034658343337333622
1825	-0.0034353421368548075
1826	-0.0034474909963985163
1827	-0.0033381512605041926
1828	-0.0038828811524609934
1829	-0.0029257142857143773
1830	-0.00341392557022794
1831	-0.0031080432172870074
1832	-0.003025402160864235
1833	-0.003798319327731055
1834	-0.0038815366146458677
1835	-0.003818631452581082
1836	-0.003583817527010791
1837	-0.0036377430972388716
1838	-0.003049555822328904
1839	-0.0034785594237694752
1840	-0.0029616806722689835
1841	-0.0023775270108042836
1842	-0.002641728691476582
1843	-0.0028253061224490163
1844	-0.002653877551020393
1845	-0.0017770948379351734
1846	-0.0015735414165668306
1847	-8.614645858344224e-05
1848	0.0009757983193277064
1849	0.0003015606242497049
1850	9.013205282112932e-05
1851	-0.0003350780312124936
1852	-0.000970900360144033
1853	-0.0016344297719088137
1854	-0.0016883073229292428
1855	-0.0022910924369748003
1856	-0.002685138055222196
1857	-0.003458535414165732
1858	-0.002541416566626647
1859	-0.002332629051620583
1860	0.00018636254501801052
1861	-0.0005179351740696696
1862	-0.0008463385354141523
1863	-0.00070324129651868
1864	0.0015353661464584743
1865	0.0017018007202880365
1866	0.0015624009603841568
1867	0.002408931572629065
1868	0.002470492196878773
1869	0.0021487154861944938
1870	0.0023508763505402297
1871	0.0025056422569027918
1872	0.002267226890756312
1873	0.0016201680672268824
1874	0.002282593037215083
1875	0.002366098439375847
1876	0.0012638655462184952
1877	0.0004484513805522343
1878	-0.0004920048019207612
1879	-6.136854741898993e-05
1880	0.00019519807923157204
1881	0.0007781992797118939
1882	0.0011268667466986788
1883	0.0005162545018007516
1884	0.0004973829531812594
1885	9.776710684272262e-05
1886	-0.00010617046818726667
1887	-0.000465738295318035
1888	-0.0010805762304922275
1889	-0.0009068907563025849
1890	-0.00023563025210082358
1891	-0.0003487154861944761
1892	-0.0007805522208884009
1893	-0.0012754381752701734
1894	-0.0016194477791116758
1895	-0.0007456422569027828
1896	-0.0013684993997598997
1897	-0.0013128931572629417
1898	-0.0002710684273710175
1899	-0.0007098679471788908
1900	-0.000709915966386536
1901	-0.0010606482593037635
1902	-0.002046818727491207
1903	-0.0030300600240096105
1904	-0.00350439375750288
1905	-0.0017141896758702368
1906	-0.0026051380552221527
1907	-0.003471308523409422
1908	-0.00345070828331336
1909	-0.003457863145257927
1910	-0.0016938775510203763
1911	-0.0023163505402162203
1912	-0.0025466026410563935
1913	-0.0028798079231693165
1914	-0.0014922929171668933
1915	-0.0016380312124850058
1916	-0.0020993997599039406
1917	-0.0011434813925570418
1918	-0.0006016806722688383
1919	-0.001225354141656621
1920	-0.0010272749099640853
1921	-0.0009814645858343056
1922	-0.0007071788715486016
1923	-0.0009229771908764752
1924	0.001182472989195691
1925	0.0006121488595437915
1926	0.00026713085234090204
1927	-0.0001699879951980348
1928	-0.0004961344537815066
1929	-0.00021848739495791865
1930	0.0006649219687875289
1931	0.0002782232893157034
1932	-2.9771908763424647e-06
1933	-0.0004751980792317209
1934	-0.0004455222088835446
1935	-0.00030713085234089857
1936	-0.0008752460984393418
1937	-0.000577430972388943
1938	-0.00043711884753906504
1939	4.100840336134497e-05
1940	-0.0002691956782713272
1941	-0.00022434573829529302
1942	-0.0009304681872748979
1943	-0.0006456182472989057
1944	0.0007268667466986702
1945	0.0008151740696278698
1946	0.0002921488595437988
1947	0.0003721968787515072
1948	0.00013325330132050157
1949	0.0004373589435773845
1950	0.00041992797118844315
1951	0.00010641056422570616
1952	-0.000839231692676941
1953	-0.0014769747899159664
1954	-0.001998847539015561
1955	0.0002945498199279622
1956	-0.00010492196878751681
1957	-2.8139255702289945e-05
1958	-0.00023908763505400867
1959	-0.0003148139255702477
1960	-0.0006092677070828259
1961	-0.0009117406962785152
1962	0.00019884753901562048
1963	-0.00021584633853546854
1964	3.803121248500883e-05
1965	-0.0003588955582233061
1966	-0.0006557022809123776
1967	-0.0006936374549820135
1968	-7.298919567823879e-05
1969	-0.0006507082833133751
1970	-0.0001911164465785245
1971	-0.0007092917166866755
1972	-0.0005936134453781621
1973	-0.0001620168067227647
1974	0.0005741656662665212
1975	0.00027481392557023737
1976	0.00026237695078028565
1977	0.00031486194477787154
1978	0.0002243457382953344
1979	3.1308523409308705e-05
1980	0.00022986794717886317
1981	-0.00026948379351738596
1982	-0.0007680192076831024
1983	-0.001325426170468121
1984	-0.0016223289315726304
1985	-0.0012302040816325277
1986	-0.0014746218487395252
1987	-0.0011123169267707085
1988	-0.0013305162064826015
1989	-0.001255318127250936
1990	-0.0013005522208883744
1991	-0.0013468427370947598
1992	-0.0021217286914765815
1993	-0.002028379351740755
1994	-0.0009488595438175332
1995	-0.000900696278511405
1996	-0.0005872268907563165
1997	-0.00033138055222087443
1998	-0.00040782713085233085
1999	-0.0001823769507803089
2000	-7.611044417766672e-05
2001	-0.0005586554621848818
2002	-0.0006929651860743968
2003	-0.0007407923169267719
2004	-0.0014250180072028626
2005	-0.0015113085234093493
2006	-0.0019700360144057076
2007	-0.0014904681872748812
2008	-0.0015638895558222996
2009	-0.0013646098439375537
2010	-0.001836494597839099
2011	-0.0023121728691477507
2012	-0.0012229531812724566
2013	-0.001107082833133243
2014	-0.0010616566626650299
2015	-0.0017369987995198364
2016	-0.00028110444177669206
2017	-0.00017997599039622117
2018	-0.00021594237695085746
2019	-0.0009467466986794846
2020	-0.0009951980792316944
2021	-0.0011319087635054657
2022	-0.0007593277310924333
2023	-0.000408499399759859
2024	-0.0009093397358943733
2025	-0.0011906842737094555
2026	-0.0013836734693877604
2027	-0.0010925810324129788
2028	-0.0007459303721488594
2029	-0.00042621848739493975
2030	-0.00045887154861944286
2031	-0.0009052581032412398
2032	-0.0006967106842736948
2033	-0.0006283313325329859
2034	-0.0005380552220888671
2035	-0.00010977190876352728
2036	7.318127250900918e-05
2037	-0.0004455222088835112
2038	-0.00041099639855943806
2039	-0.00044230492196884635
2040	-3.587034813925466e-05
2041	-0.00025464585834331007
2042	-0.0004046578631452592
2043	-0.0006150780312125139
2044	-5.517406962782594e-05
2045	-0.0006145018007203453
2046	-0.0003278271308523357
2047	-0.00018266506602642582
2048	-0.0003017527010804451
2049	-0.0003952460984393884
2050	-0.00030204081632659557
2051	-0.0005391116446578419
2052	-0.00040936374549821686
2053	-7.553421368552502e-05
2054	0.000947611044417824
2055	0.0003757503001199935
2056	-0.00016662665066026158
2057	0.000636254501800687
2058	0.0020156062424971184
2059	0.002238367346938779
2060	0.0017894837935174155
2061	0.0010092677070828384
2062	0.0005046338535413303
2063	0.0006879231692677218
2064	0.00038184873949579566
2065	0.0009687875150061836
2066	0.0018927731092437054
2067	0.0033004081632653074
2068	0.0027334453781512505
2069	0.0022657382953181057
2070	0.0015640336134453484
2071	0.0009428571428571341
2072	0.0011767587034814241
2073	0.0006432172869147601
2074	0.00012124849939975925
2075	-0.00015812725090040702
2076	-0.0008426410564225526
2077	-0.0011095318127251153
2078	-0.0004925330132053228
2079	-0.0005446818727491202
2080	-0.0006870108043217455
2081	-0.0014871068427370936
2082	-0.0014501320528211685
2083	-0.0013220648259303878
2084	-0.0016007202881152718
2085	-0.0016241056422569107
2086	-0.002016998799519764
2087	-0.00221839135654263
2088	-0.0018425930372148879
2089	-0.0022279471788715422
2090	-0.002439519807923219
2091	-0.0032088835534214094
2092	-0.003190924369747956
2093	-0.0034951740696279104
2094	-0.0015223049219688538
2095	-0.00231394957983191
2096	-0.0026801920768307597
2097	-0.002713229291716713
2098	-0.002879423769507976
2099	-0.003034621848739457
2100	-0.0031497719087634686
2101	-0.0029693637454981723
2102	-0.002862905162064835
2103	-0.0030127731092435533
2104	-0.001585306122448844
2105	-0.0021077070828331426
2106	-0.0023431932773109545
2107	-0.0017060744297718437
2108	-0.0006892196878751473
2109	-0.0005922689075630376
2110	-0.0009429531812724875
2111	0.0010316446578631513
2112	0.0019535174069627483
2113	0.001751596638655505
2114	0.0018081632653059946
2115	0.0025834333733493887
2116	0.0022072028811524727
2117	0.003356398559423766
2118	0.0033176470588235337
2119	0.0027422809123649724
2120	0.002277022809123618
2121	0.0021967827130852137
2122	0.0023641776710684494
2123	0.0015869867947179
2124	0.0016659783913566442
2125	0.0026541656662665194
2126	0.0019320528211284817
2127	0.001636494597839211
2128	0.002178103241296531
2129	0.0025738295318127455
2130	0.002120960384153656
2131	0.0016245858343337308
2132	0.0012809123649459818
2133	0.001149627851140434
2134	0.0007405522208883867
2135	0.0009231212484993347
2136	0.00011313325330134682
2137	-0.00015414165666265275
2138	0.0018881152460984345
2139	0.001190348139255705
2140	0.000470924369747905
2141	-0.0002921488595438161
2142	-0.0004367346938775972
2143	-0.0006956542617050391
2144	0.0004183913565426786
2145	-0.00031827130852337207
2146	-0.0007990396158463149
2147	-0.0009453061224490021
2148	-0.0011772869147659052
2149	-0.0015970708283312165
2150	-0.0020783193277310887
2151	-0.002184393757502999
2152	-0.00197474189675868
2153	-0.002456230492196899
2154	-0.002739783913565274
2155	-0.0032763985594238577
2156	-0.00298184873949585
2157	-0.0034621368547417216
2158	-0.004074525810323985
2159	-0.004455942376950787
2160	-0.004899063625450908
2161	-0.002872460984393773
2162	-0.0016469627851139904
2163	-0.001386218487394958
2164	-0.0010672749099639742
2165	-0.0016870588235293955
2166	-0.0017799759903961722
2167	-0.0016144537815126095
2168	-0.001029723889555799
2169	-0.0016497478991596714
2170	-0.0019564465786314684
2171	-0.0017909723889556238
2172	-0.00203635054021609
2173	-0.002738439375750305
2174	-0.0020384153661464244
2175	-0.0011685954381752974
2176	-0.001084897959183666
2177	-0.0012520528211284853
2178	-0.0012943097238896693
2179	-0.0005677310924370432
2180	-0.0009032893157263083
2181	-0.0011731092436974627
2182	-0.0011529891956782654
2183	-0.0009991356542617474
2184	-0.0011786794717887177
